0 0 0 19 11 11 11 21 0 19 11 11 11 11 21 19 32 11 11 11 11 11 11 32 21 19 11 11 11 11 21 19 11 11 11 11 21 0 0 0
19 11 11 16 10 10 10 18 11 16 10 10 10 10 18 16 33 10 10 10 10 10 10 33 18 16 10 10 10 10 18 16 10 10 10 10 18 11 11 21
13 10 10 10 2 2 2 10 10 10 2 2 2 2 10 10 34 2 2 2 2 2 2 34 10 10 2 2 2 2 10 10 2 2 2 2 10 10 10 14 
13 2 2 2 2 2 2 2 2 2 2 2 2 2 2 2 2 2 2 2 2 2 2 2 2 2 2 2 2 2 2 2 2 2 2 2 2 2 2 14 
13 2 2 2 2 2 2 2 2 2 2 2 2 2 2 2 2 2 2 2 2 2 2 2 2 2 2 2 2 2 2 2 2 2 2 2 2 2 2 14 
13 2 2 2 2 2 2 2 2 2 2 2 2 2 2 2 2 2 2 2 2 2 2 2 2 2 2 2 2 2 2 2 2 2 2 2 2 2 2 14 
13 2 2 2 2 2 2 2 2 2 2 2 2 2 2 2 2 2 2 2 2 2 2 2 2 2 2 2 2 2 2 2 2 2 2 2 2 2 2 14 
13 2 2 2 2 2 2 2 2 2 2 2 2 2 2 2 2 2 2 2 2 2 2 2 2 2 2 2 2 2 2 2 2 2 2 2 2 2 2 14 
13 2 2 2 2 2 2 2 2 2 2 2 2 2 2 2 2 2 2 2 2 2 2 2 2 2 2 2 2 2 2 2 2 2 2 2 2 2 2 14 
13 2 2 2 2 2 2 2 2 2 2 2 2 2 2 2 2 2 2 2 2 2 2 2 2 2 2 2 2 2 2 2 2 2 2 2 2 2 2 14 
13 2 2 2 2 2 2 2 2 2 2 2 2 2 2 2 2 2 2 2 2 2 2 2 2 2 2 2 2 2 2 2 2 2 2 2 2 2 2 14
13 2 2 2 2 2 2 2 2 2 2 2 2 2 2 2 2 2 2 2 2 2 2 2 2 2 2 2 2 2 2 2 2 2 2 2 2 2 2 14
13 2 2 2 2 2 2 2 2 2 2 2 2 2 2 2 2 2 2 2 2 2 2 2 2 2 2 2 2 2 2 2 2 2 2 2 2 2 2 14 
13 2 2 2 2 2 2 2 2 2 2 2 2 2 2 2 2 2 2 2 2 2 2 2 2 2 2 2 2 2 2 2 2 2 2 2 2 2 2 14 
13 2 2 2 2 2 2 2 2 2 2 2 2 2 2 2 2 2 2 2 2 2 2 2 2 2 2 2 2 2 2 2 2 2 2 2 2 2 2 14 
13 2 2 2 2 2 2 2 2 2 2 2 2 2 2 2 2 2 2 2 2 2 2 2 2 2 2 2 2 2 2 2 2 2 2 2 2 2 2 14 
13 2 2 2 2 2 2 2 2 2 2 2 2 2 2 2 2 2 2 2 2 2 2 2 2 2 2 2 2 2 2 2 2 2 2 2 2 2 2 14 
13 2 2 2 2 2 2 2 2 2 2 2 2 2 2 2 2 2 2 2 2 2 2 2 2 2 2 2 2 2 2 2 2 2 2 2 2 2 2 14 
13 2 2 2 2 2 2 2 2 2 2 2 2 2 2 2 2 2 2 2 2 2 2 2 2 2 2 2 2 2 2 2 2 2 2 2 2 2 2 14 
28 24 24 24 24 24 24 24 24 24 24 24 24 24 24 24 24 24 24 24 24 24 24 24 24 24 24 24 24 24 24 24 24 24 24 24 24 24 24 29

1680 96 1248 96 624 96 192 96 96 816 1776 720 336 480 1392 240 1440 624 1200 816 -1 -1
912 288 960 288 912 672 960 672 288 432 288 480 1584 432 1584 480 336 192 240 624 576 816 1440 192 1728 288 624 192 96 192 96 816 1824 864 1776 864 1584 864 1776 624 1296 192 432 576 1344 816 1392 480 1392 336 1584 192 480 288 288 336 336 768 336 864 240 864 1200 384 480 144 384 144 1440 144 1152 864 672 864 624 576 576 480 912 480 960 480 960 528 768 384 576 384 1056 336 -1 -1
-1 -1