0 0 0 0 19 11 11 11 11 11 11 21 0 0 0 19 11 11 25 11 11 25 11 11 21 0 0 0 19 11 11 11 11 11 11 21 0 0 0 0 
19 11 11 25 16 10 9 10 10 10 10 18 11 25 11 16 10 10 37 10 10 37 10 10 18 11 25 11 16 10 10 10 10 9 10 18 25 11 11 21 
13 9 10 26 10 2 2 2 2 2 2 10 10 26 10 9 2 2 38 2 2 38 2 2 10 10 26 10 10 2 2 2 2 2 2 10 26 9 10 14 
13 2 2 27 2 2 2 2 3 2 2 2 2 27 2 2 2 2 2 2 2 2 2 2 2 2 27 2 2 2 2 2 2 2 2 2 27 2 2 14 
13 2 2 2 2 2 2 2 2 2 2 2 2 2 2 2 2 2 2 2 2 2 2 2 2 2 2 2 2 2 2 3 2 2 2 2 2 2 2 14 
28 24 30 2 2 2 2 2 2 2 2 3 2 2 2 2 3 2 5 2 2 2 2 3 2 5 2 2 2 2 2 2 2 2 2 2 2 31 24 29 
0 0 13 2 2 2 2 2 2 2 19 11 11 11 11 11 11 25 11 11 11 11 25 11 11 11 11 11 11 21 2 2 2 2 2 2 2 14 0 0 
19 25 16 2 2 2 2 2 2 6 13 9 10 10 10 10 10 26 10 9 10 10 26 10 10 10 10 9 10 14 5 2 2 2 2 2 2 18 25 21 
13 26 10 2 2 2 2 2 2 2 16 2 2 2 2 2 2 27 2 2 2 2 27 2 2 2 2 2 2 18 2 2 2 2 2 2 2 10 26 14 
13 27 2 2 2 2 2 2 2 2 10 2 2 2 2 2 2 2 2 2 2 2 2 2 2 2 2 2 2 10 2 3 2 2 2 2 2 2 27 14 
13 2 2 2 2 2 2 2 2 2 2 2 2 2 2 2 2 2 2 2 2 2 2 2 2 2 2 2 2 2 2 2 2 2 2 2 3 2 2 14 
13 2 3 2 2 4 5 2 2 2 2 2 2 2 2 2 2 2 2 4 5 2 2 2 2 2 2 2 2 2 2 2 2 2 2 2 2 2 2 14 
13 2 2 2 2 6 7 2 2 2 30 2 2 2 2 2 2 2 2 6 7 2 2 2 2 2 2 2 2 31 2 2 2 2 2 2 2 2 2 14 
13 2 2 2 2 2 2 2 2 2 13 2 2 2 2 2 2 2 2 2 2 2 2 2 2 2 2 2 2 14 3 2 2 2 3 2 2 2 2 14 
13 2 2 2 2 2 2 2 2 2 28 24 24 24 24 24 24 24 24 24 24 24 24 24 24 24 24 24 24 29 5 2 2 2 2 2 2 2 2 14 
13 2 2 2 2 2 2 2 2 6 0 0 0 0 0 0 0 0 0 0 0 0 0 0 0 0 0 0 0 0 2 2 2 2 2 2 2 2 2 14 
13 2 2 2 2 2 2 2 2 2 3 2 2 7 3 2 3 3 2 7 2 2 3 2 2 7 2 2 2 2 2 2 2 2 2 3 2 2 2 14 
28 24 30 2 2 2 2 2 3 2 2 2 2 2 2 2 2 2 2 2 2 2 2 2 2 2 2 2 2 4 5 2 2 2 2 2 2 31 24 29 
0 0 13 2 2 2 2 2 2 2 2 2 2 2 2 2 2 2 2 2 2 2 2 2 2 2 2 2 2 6 7 2 2 2 2 2 2 14 0 0 
0 0 28 24 24 24 24 24 24 24 24 24 24 24 24 24 24 24 24 24 24 24 24 24 24 24 24 24 24 24 24 24 24 24 24 24 24 29 0 0 

