19 11 32 11 11 32 11 11 32 11 11 32 11 11 32 11 11 32 11 11 11 11 32 11 11 32 11 11 32 11 11 11 11 11 32 11 11 32 11 21
13 10 33 10 10 33 10 10 33 10 10 33 10 10 33 10 10 33 10 10 10 10 33 10 10 33 10 10 33 10 10 10 10 10 33 10 10 33 10 14
13 2 34 2 2 34 2 2 34 2 2 34 2 2 34 2 2 34 2 2 2 2 34 2 2 34 2 2 34 2 2 2 2 2 34 2 2 34 2 14
13 2 2 2 2 2 2 2 2 2 2 2 2 2 2 2 2 2 2 2 2 2 2 2 2 2 2 2 2 2 2 2 2 2 2 2 2 2 2 14 
13 2 2 2 2 2 2 2 2 2 2 2 2 2 2 2 2 2 2 2 2 2 2 2 2 2 2 2 2 2 2 2 2 2 2 2 2 2 2 14 
13 2 2 2 2 2 2 2 2 2 2 2 2 2 2 2 2 2 2 2 2 2 2 2 2 2 2 2 2 2 2 2 2 2 2 2 2 2 2 14 
28 24 24 24 30 2 2 2 2 2 2 2 2 2 2 2 2 2 2 2 2 2 2 2 2 2 2 2 2 2 2 2 2 2 2 31 24 24 24 29 
19 11 11 11 16 2 2 2 2 2 2 2 2 2 2 2 2 2 2 2 2 2 2 2 2 2 2 2 2 2 2 2 2 2 2 18 11 11 11 21 
13 10 10 35 10 2 2 2 2 2 2 2 2 2 2 2 2 2 2 2 2 2 2 2 2 2 2 2 2 2 2 2 2 2 2 10 35 10 10 14 
13 2 2 36 2 2 2 2 2 2 2 2 2 2 2 2 2 2 2 2 2 2 2 2 2 2 2 2 2 2 2 2 2 2 2 2 36 2 2 14 
13 2 2 2 2 2 2 2 2 2 2 2 2 2 2 2 2 2 2 2 2 2 2 2 2 2 2 2 2 2 2 2 2 2 2 2 2 2 2 14 
13 2 2 2 2 2 2 2 2 2 2 2 2 2 2 2 2 2 2 2 2 2 2 2 2 2 2 2 2 2 2 2 2 2 2 2 2 2 2 14 
28 24 24 24 24 24 24 24 2 2 2 2 2 2 2 2 2 2 2 2 2 2 2 2 2 2 2 2 2 2 2 2 31 24 24 24 24 24 24 29 
0 0 0 0 0 0 0 13 2 2 2 2 2 2 2 2 2 2 2 2 2 2 2 2 2 2 2 2 2 2 2 2 14 0 0 0 0 0 0 0 
0 0 0 0 0 0 0 28 24 24 30 2 2 2 2 2 2 2 2 2 2 2 2 2 2 2 2 2 2 31 24 24 29 0 0 0 0 0 0 0 
0 0 0 0 0 0 0 0 0 0 13 2 2 2 2 2 2 2 2 2 2 2 2 2 2 2 2 2 2 14 0 0 0 0 0 0 0 0 0 0 
0 0 0 0 0 0 0 0 0 0 13 2 2 2 2 2 2 2 2 2 2 2 2 2 2 2 2 2 2 14 0 0 0 0 0 0 0 0 0 0 
0 0 0 0 0 0 0 0 0 0 13 2 2 2 2 2 2 2 2 2 2 2 2 2 2 2 2 2 2 14 0 0 0 0 0 0 0 0 0 0 
0 0 0 0 0 0 0 0 0 0 13 2 2 2 2 2 2 2 2 2 2 2 2 2 2 2 2 2 2 14 0 0 0 0 0 0 0 0 0 0 
0 0 0 0 0 0 0 0 0 0 28 24 24 24 24 24 24 24 24 24 24 24 24 24 24 24 24 24 24 29 0 0 0 0 0 0 0 0 0 0

-1 -1
192 528 192 480 192 432 1680 528 1680 480 1680 432 912 288 960 288 240 192 576 816 1776 144 1440 480 1248 816 1248 624 1296 192 336 336 432 480 960 864 912 864 -1 -1
336 192 1632 144 1392 480 384 480 576 864 1296 864 1104 480 672 480 912 624 912 500 -1 -1
